{
    "0": {
        "projection_matrix": [
            -1.0,
            0.0,
            -1.2246467991473532e-16,
            0.0,
            0.0,
            1.0,
            0.0,
            0.0,
            1.2246467991473532e-16,
            0.0,
            -1.0,
            0.0,
            1.3322676295501878e-15,
            1.1662303556527295e-15,
            -19.04598707912689,
            1.0
        ],
        "focal_length": 30.0
    },
    "1": {
        "projection_matrix": [
            -0.9980289994820011,
            0.0,
            0.06275441174097902,
            0.0,
            0.0,
            1.0,
            0.0,
            0.0,
            -0.06275441174097902,
            0.0,
            -0.9980289994820011,
            0.0,
            -1.195104056645737,
            1.163819084150827e-15,
            -19.00660802708378,
            1.0
        ],
        "focal_length": 30.0
    },
    "2": {
        "projection_matrix": [
            -0.9921224506267117,
            0.0,
            0.12527187618315705,
            0.0,
            0.0,
            1.0,
            0.0,
            0.0,
            -0.12527187618315705,
            0.0,
            -0.9921224506267117,
            0.0,
            -2.385148090081076,
            1.1566658153384386e-15,
            -18.88978628195092,
            1.0
        ],
        "focal_length": 30.0
    },
    "3": {
        "projection_matrix": [
            -0.982300586689751,
            0.0,
            0.1873113915088221,
            0.0,
            0.0,
            1.0,
            0.0,
            0.0,
            -0.1873113915088221,
            0.0,
            -0.982300586689751,
            0.0,
            -3.5653683051383838,
            1.1448944992000804e-15,
            -18.697546100593257,
            1.0
        ],
        "focal_length": 30.0
    },
    "4": {
        "projection_matrix": [
            -0.9685988487673751,
            0.0,
            0.24862877984359652,
            0.0,
            0.0,
            1.0,
            0.0,
            0.0,
            -0.24862877984359652,
            0.0,
            -0.9685988487673751,
            0.0,
            -4.731271413261444,
            1.128629164042501e-15,
            -18.431913018974885,
            1.0
        ],
        "focal_length": 30.0
    },
    "5": {
        "projection_matrix": [
            -0.9510689817186091,
            0.0,
            0.30897862711315266,
            0.0,
            0.0,
            1.0,
            0.0,
            0.0,
            -0.30897862711315266,
            0.0,
            -0.9510689817186091,
            0.0,
            -5.878567381111095,
            1.1079902409816195e-15,
            -18.094853826475443,
            1.0
        ],
        "focal_length": 30.0
    },
    "6": {
        "projection_matrix": [
            -0.9297880700129315,
            0.0,
            0.36809529318048584,
            0.0,
            0.0,
            1.0,
            0.0,
            0.0,
            -0.36809529318048584,
            0.0,
            -0.9297880700129315,
            0.0,
            -7.00269056531872,
            1.0831023486248235e-15,
            -17.688403699400048,
            1.0
        ],
        "focal_length": 30.0
    },
    "7": {
        "projection_matrix": [
            -0.904816345904043,
            0.0,
            0.42580204342494155,
            0.0,
            0.0,
            1.0,
            0.0,
            0.0,
            -0.42580204342494155,
            0.0,
            -0.904816345904043,
            0.0,
            -8.10075288256181,
            1.0540444758137365e-15,
            -17.21385262342748,
            1.0
        ],
        "focal_length": 30.0
    },
    "8": {
        "projection_matrix": [
            -0.8762810258282017,
            0.0,
            0.48180033600390426,
            0.0,
            0.0,
            1.0,
            0.0,
            0.0,
            -0.48180033600390426,
            0.0,
            -0.8762810258282017,
            0.0,
            -9.167416456199419,
            1.020949184048642e-15,
            -16.673365492147884,
            1.0
        ],
        "focal_length": 30.0
    },
    "9": {
        "projection_matrix": [
            -0.8442908329736976,
            0.0,
            0.5358852389799331,
            0.0,
            0.0,
            1.0,
            0.0,
            0.0,
            -0.5358852389799331,
            0.0,
            -0.8442908329736976,
            0.0,
            -10.19888204366197,
            9.83906216080587e-16,
            -16.068407915908825,
            1.0
        ],
        "focal_length": 30.0
    },
    "10": {
        "projection_matrix": [
            -1.0,
            0.0,
            -1.2246467991473532e-16,
            0.0,
            0.0,
            1.0,
            0.0,
            0.0,
            1.2246467991473532e-16,
            0.0,
            -1.0,
            0.0,
            -1.1662303556527293e-15,
            1.3322676295501878e-15,
            -19.04598707912689,
            1.0
        ],
        "focal_length": 30.0
    },
    "11": {
        "projection_matrix": [
            -1.0,
            0.0,
            -1.224646799147353e-16,
            0.0,
            7.685198947096518e-18,
            0.9980289994820009,
            -0.06275441174097914,
            0.0,
            1.2222330196718677e-16,
            -0.06275441174097914,
            -0.9980289994820006,
            0.0,
            -1.4291854922530314e-15,
            -1.195104056645737,
            -19.00660802708378,
            1.0
        ],
        "focal_length": 30.0
    },
    "12": {
        "projection_matrix": [
            -1.0,
            0.0,
            -1.2246467991473532e-16,
            0.0,
            1.5341380219088698e-17,
            0.9921224506267116,
            -0.12527187618315716,
            0.0,
            1.2149995835222304e-16,
            -0.12527187618315716,
            -0.9921224506267117,
            0.0,
            -1.6862750806881845e-15,
            -2.385148090081076,
            -18.88978628195092,
            1.0
        ],
        "focal_length": 30.0
    },
    "13": {
        "projection_matrix": [
            -1.0,
            0.0,
            -1.2246467991473532e-16,
            0.0,
            2.2939029605511583e-17,
            0.9823005866897508,
            -0.1873113915088222,
            0.0,
            1.2029712692901706e-16,
            -0.1873113915088222,
            -0.982300586689751,
            0.0,
            -1.936565295926761e-15,
            -3.5653683051383838,
            -18.697546100593257,
            1.0
        ],
        "focal_length": 30.0
    },
    "14": {
        "projection_matrix": [
            -1.0,
            -3.0814879110195774e-33,
            -1.2246467991473532e-16,
            0.0,
            3.0448243941137203e-17,
            0.9685988487673752,
            -0.2486287798435962,
            0.0,
            1.1861914798007775e-16,
            -0.2486287798435962,
            -0.9685988487673751,
            0.0,
            -2.179182455793233e-15,
            -4.731271413261444,
            -18.431913018974885,
            1.0
        ],
        "focal_length": 30.0
    },
    "15": {
        "projection_matrix": [
            -1.0,
            0.0,
            -1.224646799147353e-16,
            0.0,
            3.783896866990661e-17,
            0.9510689817186088,
            -0.3089786271131527,
            0.0,
            1.1647235842300268e-16,
            -0.3089786271131527,
            -0.9510689817186087,
            0.0,
            -2.4132944126456085e-15,
            -5.878567381111095,
            -18.094853826475443,
            1.0
        ],
        "focal_length": 30.0
    },
    "16": {
        "projection_matrix": [
            -1.0,
            3.0814879110195774e-33,
            -1.2246467991473532e-16,
            0.0,
            4.507867225746887e-17,
            0.9297880700129315,
            -0.36809529318048595,
            0.0,
            1.1386619838267316e-16,
            -0.36809529318048595,
            -0.9297880700129315,
            0.0,
            -2.6380120086132627e-15,
            -7.00269056531872,
            -17.688403699400048,
            1.0
        ],
        "focal_length": 30.0
    },
    "17": {
        "projection_matrix": [
            -1.0,
            0.0,
            -1.224646799147353e-16,
            0.0,
            5.2145710955075694e-17,
            0.9048163459040427,
            -0.42580204342494155,
            0.0,
            1.10808044182759e-16,
            -0.42580204342494155,
            -0.9048163459040426,
            0.0,
            -2.8527729492174826e-15,
            -8.10075288256181,
            -17.21385262342748,
            1.0
        ],
        "focal_length": 30.0
    },
    "18": {
        "projection_matrix": [
            -1.0,
            6.162975822039156e-33,
            -1.2246467991473535e-16,
            0.0,
            5.900352393153007e-17,
            0.8762810258282013,
            -0.4818003360039044,
            0.0,
            1.0731347534340661e-16,
            -0.4818003360039044,
            -0.8762810258282017,
            0.0,
            -3.0565245492486733e-15,
            -9.167416456199419,
            -16.673365492147884,
            1.0
        ],
        "focal_length": 30.0
    },
    "19": {
        "projection_matrix": [
            -1.0,
            0.0,
            -1.2246467991473535e-16,
            0.0,
            6.562701426270895e-17,
            0.8442908329736974,
            -0.5358852389799332,
            0.0,
            1.0339580661506914e-16,
            -0.5358852389799332,
            -0.8442908329736976,
            0.0,
            -3.248512950142504e-15,
            -10.19888204366197,
            -16.068407915908825,
            1.0
        ],
        "focal_length": 30.0
    },
    "20": {
        "projection_matrix": [
            -2.220446049250313e-16,
            0.0,
            1.0,
            0.0,
            0.0,
            1.0,
            0.0,
            0.0,
            -1.0,
            0.0,
            -2.220446049250313e-16,
            0.0,
            -19.04598707912689,
            6.217248937900877e-15,
            -3.0628283207392514e-15,
            1.0
        ],
        "focal_length": 30.0
    },
    "21": {
        "projection_matrix": [
            -2.220446049250313e-16,
            0.0,
            1.0,
            0.0,
            -0.0627544117409794,
            0.9980289994820009,
            -6.938893903907227e-18,
            0.0,
            -0.9980289994820007,
            -0.06275441174097941,
            -2.220446049250313e-16,
            0.0,
            -19.00660802708378,
            -1.1951040566457316,
            -3.0564956861879195e-15,
            1.0
        ],
        "focal_length": 30.0
    },
    "22": {
        "projection_matrix": [
            -2.220446049250313e-16,
            0.0,
            1.0,
            0.0,
            -0.12527187618315697,
            0.9921224506267116,
            -1.3877787807814457e-17,
            0.0,
            -0.9921224506267117,
            -0.125271876183157,
            -2.220446049250313e-16,
            0.0,
            -18.889786281950922,
            -2.3851480900810715,
            -3.03770931675563e-15,
            1.0
        ],
        "focal_length": 30.0
    },
    "23": {
        "projection_matrix": [
            0.0,
            1.3877787807814454e-17,
            0.9999999999999998,
            0.0,
            -0.18731139150882184,
            0.982300586689751,
            -4.163336342344336e-17,
            0.0,
            -0.9823005866897507,
            -0.18731139150882184,
            0.0,
            0.0,
            -18.697546100593264,
            -3.565368305138377,
            -3.00679473777371e-15,
            1.0
        ],
        "focal_length": 30.0
    },
    "24": {
        "projection_matrix": [
            -2.220446049250313e-16,
            0.0,
            1.0,
            0.0,
            -0.2486287798435961,
            0.9685988487673752,
            -2.7755575615628914e-17,
            0.0,
            -0.9685988487673751,
            -0.2486287798435961,
            -2.220446049250313e-16,
            0.0,
            -18.43191301897489,
            -4.731271413261438,
            -2.9640776802683195e-15,
            1.0
        ],
        "focal_length": 30.0
    },
    "25": {
        "projection_matrix": [
            0.0,
            0.0,
            1.0,
            0.0,
            -0.30897862711315244,
            0.9510689817186089,
            -5.551115123125784e-17,
            0.0,
            -0.9510689817186089,
            -0.30897862711315244,
            0.0,
            0.0,
            -18.094853826475443,
            -5.878567381111091,
            -2.909874428094311e-15,
            1.0
        ],
        "focal_length": 30.0
    },
    "26": {
        "projection_matrix": [
            -2.220446049250313e-16,
            2.7755575615628914e-17,
            1.0,
            0.0,
            -0.36809529318048606,
            0.9297880700129315,
            -8.326672684688674e-17,
            0.0,
            -0.9297880700129315,
            -0.36809529318048606,
            0.0,
            0.0,
            -17.688403699400048,
            -7.002690565318716,
            -2.8445122625629224e-15,
            1.0
        ],
        "focal_length": 30.0
    },
    "27": {
        "projection_matrix": [
            0.0,
            0.0,
            1.0,
            0.0,
            -0.42580204342494077,
            0.904816345904043,
            -8.326672684688672e-17,
            0.0,
            -0.9048163459040429,
            -0.42580204342494077,
            0.0,
            0.0,
            -17.213852623427485,
            -8.1007528825618,
            -2.7681986291929327e-15,
            1.0
        ],
        "focal_length": 30.0
    },
    "28": {
        "projection_matrix": [
            0.0,
            0.0,
            0.9999999999999998,
            0.0,
            -0.481800336003904,
            0.8762810258282016,
            -8.326672684688672e-17,
            0.0,
            -0.8762810258282013,
            -0.48180033600390404,
            0.0,
            0.0,
            -16.673365492147887,
            -9.16741645619941,
            -2.6812816694259855e-15,
            1.0
        ],
        "focal_length": 30.0
    },
    "29": {
        "projection_matrix": [
            0.0,
            0.0,
            0.9999999999999999,
            0.0,
            -0.5358852389799327,
            0.8442908329736978,
            -5.551115123125783e-17,
            0.0,
            -0.8442908329736977,
            -0.5358852389799327,
            0.0,
            0.0,
            -16.06840791590883,
            -10.198882043661959,
            -2.583997071381634e-15,
            1.0
        ],
        "focal_length": 30.0
    },
    "30": {
        "projection_matrix": [
            -0.8189229050909375,
            -0.0024087056031086578,
            0.573898487238586,
            0.0,
            -0.2862425811191494,
            0.8684443299732815,
            -0.4048081403473817,
            0.0,
            -0.4974238235867549,
            -0.4957808425852857,
            -0.7118784277204624,
            0.0,
            -9.522993539563444,
            -9.522993539563442,
            -13.467546618041986,
            1.0
        ],
        "focal_length": 30.0
    },
    "31": {
        "projection_matrix": [
            -0.7826838261540274,
            -0.002556788719091957,
            0.6224142439793118,
            0.0,
            -0.3292558713093341,
            0.8503194926300477,
            -0.41054516397311214,
            0.0,
            -0.5282012869022789,
            -0.5262606039642567,
            -0.6663731516424956,
            0.0,
            -10.100856041864757,
            -10.100856041864755,
            -12.594635240627852,
            1.0
        ],
        "focal_length": 30.0
    },
    "32": {
        "projection_matrix": [
            -0.7417750097186613,
            -0.0026947387864670325,
            0.6706434025171297,
            0.0,
            -0.3736414524097472,
            0.832076264681591,
            -0.40992823127306754,
            0.0,
            -0.5569218077953266,
            -0.5546546927020484,
            -0.6182202454348951,
            0.0,
            -10.637467186016,
            -10.637467186015996,
            -11.670541586501644,
            1.0
        ],
        "focal_length": 30.0
    },
    "33": {
        "projection_matrix": [
            -0.6958419769722684,
            -0.0028220126651039013,
            0.7181893756717954,
            0.0,
            -0.4187630189052102,
            0.8140047826432742,
            -0.40253415734726217,
            0.0,
            -0.5834736301502577,
            -0.5808513149493542,
            -0.5676004517624051,
            0.0,
            -11.131457202865821,
            -11.13145720286582,
            -10.700065533286645,
            1.0
        ],
        "focal_length": 30.0
    },
    "34": {
        "projection_matrix": [
            -0.6445697931665113,
            -0.002938095997261526,
            0.7645398284780145,
            0.0,
            -0.46386359309577685,
            0.7964140474857038,
            -0.38801447391523275,
            0.0,
            -0.6077502354895113,
            -0.6047446010997949,
            -0.5147073136289144,
            0.0,
            -11.581592216118166,
            -11.581592216118164,
            -9.687816586006527,
            1.0
        ],
        "focal_length": 30.0
    },
    "35": {
        "projection_matrix": [
            -0.5877177947934016,
            -0.0030425106866303073,
            0.8090602800854232,
            0.0,
            -0.5080615753854248,
            0.7796274966830307,
            -0.3661344043280162,
            0.0,
            -0.6296516729907592,
            -0.6262361451916304,
            -0.45974673588342707,
            0.0,
            -11.986710603793272,
            -11.986710603793268,
            -8.638218986434431,
            1.0
        ],
        "focal_length": 30.0
    },
    "36": {
        "projection_matrix": [
            -0.5251849615296014,
            -0.0031347907435376734,
            0.8509823319377113,
            0.0,
            -0.5503425442046826,
            0.7639819221676899,
            -0.33683038259527404,
            0.0,
            -0.649079224919014,
            -0.6452300331571338,
            -0.40295702511629705,
            0.0,
            -12.345547132359386,
            -12.345547132359382,
            -7.555940218923061,
            1.0
        ],
        "focal_length": 30.0
    },
    "37": {
        "projection_matrix": [
            -0.4569360733223178,
            -0.0032146457469481313,
            0.8894937273244277,
            0.0,
            -0.5896556434024175,
            0.7497913874607255,
            -0.30019843019809617,
            0.0,
            -0.6659697043413181,
            -0.6616664880001418,
            -0.34450226640342385,
            0.0,
            -12.657302752994646,
            -12.657302752994644,
            -6.443934624395484,
            1.0
        ],
        "focal_length": 30.0
    },
    "38": {
        "projection_matrix": [
            -0.38328442760820614,
            -0.00328165160376076,
            0.9236245331928996,
            0.0,
            -0.6248040057753286,
            0.7373909579839926,
            -0.2566603386784817,
            0.0,
            -0.6802301095365841,
            -0.6754582191714017,
            -0.28468086032195017,
            0.0,
            -12.920390974173651,
            -12.920390974173651,
            -5.307507462559788,
            1.0
        ],
        "focal_length": 30.0
    },
    "39": {
        "projection_matrix": [
            -0.30468841027229154,
            -0.0033355677840283815,
            0.9524462434349259,
            0.0,
            -0.6546536260707527,
            0.7270695421452753,
            -0.20687800936076986,
            0.0,
            -0.6918045985089711,
            -0.6865557186945703,
            -0.22371330449846583,
            0.0,
            -13.133644979785398,
            -13.133644979785396,
            -4.150381546615639,
            1.0
        ],
        "focal_length": 30.0
    },
    "40": {
        "projection_matrix": [
            -0.8050736571284023,
            -0.010655081687145379,
            -0.5930791480334983,
            0.0,
            0.27752374046348727,
            0.8768932206588587,
            -0.39247783764397337,
            0.0,
            0.5242489676451969,
            -0.4805671116470357,
            -0.7030065939421697,
            0.0,
            9.522993539563448,
            -9.522993539563444,
            -13.467546618041984,
            1.0
        ],
        "focal_length": 30.0
    },
    "41": {
        "projection_matrix": [
            -0.8378978864331157,
            -0.009929101175317907,
            -0.5457366992064647,
            0.0,
            0.23697900807189226,
            0.8940666818896654,
            -0.3801127701986159,
            0.0,
            0.49169917799827473,
            -0.4478238284020336,
            -0.7467835945380472,
            0.0,
            8.905751985219021,
            -8.905751985219018,
            -14.284767605983356,
            1.0
        ],
        "focal_length": 30.0
    },
    "42": {
        "projection_matrix": [
            -0.866826162775113,
            -0.009162445822022402,
            -0.49852628126823145,
            0.0,
            0.19879869304932146,
            0.910573321953781,
            -0.362402131599605,
            0.0,
            0.45726522191224533,
            -0.41324602228286994,
            -0.7874872963400306,
            0.0,
            8.252319095934922,
            -8.252319095934922,
            -15.043650363762584,
            1.0
        ],
        "focal_length": 30.0
    },
    "43": {
        "projection_matrix": [
            -0.8921890186355066,
            -0.0083581222672829,
            -0.45158487222046845,
            0.0,
            0.16333843605698234,
            0.9261880420489653,
            -0.33984741586771416,
            0.0,
            0.42109299487485036,
            -0.3769692992243123,
            -0.8249695976880966,
            0.0,
            7.566088897727439,
            -7.566088897727437,
            -15.742257745268518,
            1.0
        ],
        "focal_length": 30.0
    },
    "44": {
        "projection_matrix": [
            -0.9142875745844614,
            -0.0075193307132174255,
            -0.40499591433258647,
            0.0,
            0.13088970455298746,
            0.9407065854230602,
            -0.3129520816094988,
            0.0,
            0.38333551388110926,
            -0.33913799522806637,
            -0.8590921394065909,
            0.0,
            6.850320802856723,
            -6.850320802856721,
            -16.378844785908978,
            1.0
        ],
        "focal_length": 30.0
    },
    "45": {
        "projection_matrix": [
            -0.9333906786419155,
            -0.006649455351736744,
            -0.35880025887380557,
            0.0,
            0.10168969271716596,
            0.9539459779731209,
            -0.28221672080866217,
            0.0,
            0.3441526513329121,
            -0.29990474463141,
            -0.8897281026966024,
            0.0,
            6.108143222682175,
            -6.108143222682173,
            -16.95176870412583,
            1.0
        ],
        "focal_length": 30.0
    },
    "46": {
        "projection_matrix": [
            -0.9497285213610869,
            -0.005752376854725628,
            -0.3130217977614421,
            0.0,
            0.075938287789475,
            0.9657408674885162,
            -0.2481490546226825,
            0.0,
            0.3037253893912836,
            -0.259444574086739,
            -0.9167548204487743,
            0.0,
            5.342856567040666,
            -5.342856567040664,
            -17.459240189498907,
            1.0
        ],
        "focal_length": 30.0
    },
    "47": {
        "projection_matrix": [
            -0.9635203355678457,
            -0.004830784808730645,
            -0.2675915291360283,
            0.0,
            0.053761091251054355,
            0.9759638807362959,
            -0.21119717935058913,
            0.0,
            0.2621799153534114,
            -0.21787878973475328,
            -0.9401013376062164,
            0.0,
            4.556549870432837,
            -4.556549870432835,
            -17.900129216347338,
            1.0
        ],
        "focal_length": 30.0
    },
    "48": {
        "projection_matrix": [
            -0.9749204545510983,
            -0.003889462811533787,
            -0.22251961571267695,
            0.0,
            0.03530253727437411,
            0.9844854459486514,
            -0.17187826383017854,
            0.0,
            0.21973583722249576,
            -0.17542314212874746,
            -0.9596576905573184,
            0.0,
            3.7529745179742333,
            -3.7529745179742307,
            -18.2721921468393,
            1.0
        ],
        "focal_length": 30.0
    },
    "49": {
        "projection_matrix": [
            -0.9840742694460463,
            -0.0029319330853197012,
            -0.17773360960328716,
            0.0,
            0.02064315654797348,
            0.9912138589619871,
            -0.1306481759896468,
            0.0,
            0.1765550687518383,
            -0.13223649106834717,
            -0.9753675297691453,
            0.0,
            2.9347629361234295,
            -2.934762936123427,
            -18.57377885380582,
            1.0
        ],
        "focal_length": 30.0
    },
    "50": {
        "projection_matrix": [
            -0.3317972318778919,
            0.8431742223578973,
            -0.42304589310064666,
            0.0,
            -2.220446049250313e-16,
            0.44845027446326013,
            0.8938077820951364,
            0.0,
            0.9433507284770435,
            0.29656294793008425,
            -0.14879455970179034,
            0.0,
            1.3322676295501878e-15,
            13.467546618041991,
            -13.467546618041984,
            1.0
        ],
        "focal_length": 30.0
    },
    "51": {
        "projection_matrix": [
            -0.36811094836239766,
            0.8423395842208776,
            -0.3936475003735391,
            0.0,
            0.07908967846762832,
            0.4502093679575355,
            0.8894134852604629,
            0.0,
            0.9264119777159747,
            0.29626938731140534,
            -0.23234736427706904,
            0.0,
            -1.1951040566457367,
            13.439701423305609,
            -13.439701423305603,
            1.0
        ],
        "focal_length": 30.0
    },
    "52": {
        "projection_matrix": [
            -0.4021573668744687,
            0.839828723243017,
            -0.36463292210742265,
            0.0,
            0.15649658883851028,
            0.4554499662120829,
            0.8763983945440126,
            0.0,
            0.9020965967957668,
            0.29538626219480174,
            -0.3145928895510506,
            0.0,
            -2.385148090081076,
            13.357095975132118,
            -13.357095975132113,
            1.0
        ],
        "focal_length": 30.0
    },
    "53": {
        "projection_matrix": [
            -0.4343366005286964,
            0.8356218863074674,
            -0.3362852666489059,
            0.0,
            0.23063630983574024,
            0.4640635289703069,
            0.8552496323676366,
            0.0,
            0.8707230386446245,
            0.29390662497394504,
            -0.39428452387824797,
            0.0,
            -3.5653683051383833,
            13.221161639277586,
            -13.221161639277579,
            1.0
        ],
        "focal_length": 30.0
    },
    "54": {
        "projection_matrix": [
            -0.4650652332840759,
            0.8296891771834554,
            -0.30875588748244015,
            0.0,
            0.30011240315312265,
            0.4758749624918801,
            0.826725810379118,
            0.0,
            0.8328546537446291,
            0.29181996048590086,
            -0.4703129132800008,
            0.0,
            -4.731271413261444,
            13.033330685957756,
            -13.033330685957749,
            1.0
        ],
        "focal_length": 30.0
    },
    "55": {
        "projection_matrix": [
            -0.49473527587578303,
            0.8219941498218342,
            -0.28206847477659236,
            0.0,
            0.3637802924867639,
            0.49065163891825025,
            0.7917858725849305,
            0.0,
            0.7892407146126952,
            0.289113449852329,
            -0.5417679461837215,
            0.0,
            -5.878567381111095,
            12.794993845280137,
            -12.794993845280132,
            1.0
        ],
        "focal_length": 30.0
    },
    "56": {
        "projection_matrix": [
            -0.5236701741008984,
            0.812501644207646,
            -0.2561457142272859,
            0.0,
            0.4207594432603359,
            0.5081081418767713,
            0.7515235239603528,
            0.0,
            0.7407638217842356,
            0.28577472652144476,
            -0.6079488185836095,
            0.0,
            -7.00269056531872,
            12.507590204210992,
            -12.507590204210985,
            1.0
        ],
        "focal_length": 30.0
    },
    "57": {
        "projection_matrix": [
            -0.552154773842291,
            0.8011627953566706,
            -0.2307883902180826,
            0.0,
            0.47053167521010475,
            0.5279531090606506,
            0.7070116386999334,
            0.0,
            0.6882768689612785,
            0.28178660360187163,
            -0.6684843017479025,
            0.0,
            -8.10075288256181,
            12.172031920371417,
            -12.17203192037141,
            1.0
        ],
        "focal_length": 30.0
    },
    "58": {
        "projection_matrix": [
            -0.5803204088270797,
            0.7879565402424472,
            -0.20579774971540502,
            0.0,
            0.51272279999386,
            0.5498335965609595,
            0.6593924070379461,
            0.0,
            0.6327270766019327,
            0.2771416727632147,
            -0.7230829411297017,
            0.0,
            -9.167416456199419,
            11.789849804699548,
            -11.789849804699545,
            1.0
        ],
        "focal_length": 30.0
    },
    "59": {
        "projection_matrix": [
            -0.6082496511643083,
            0.7728544726672542,
            -0.1809097176403685,
            0.0,
            0.5472589450709987,
            0.5734147244450016,
            0.609674668023398,
            0.0,
            0.5749260899439814,
            0.271829942919987,
            -0.7717308295214349,
            0.0,
            -10.19888204366197,
            11.362080200210732,
            -11.362080200210727,
            1.0
        ],
        "focal_length": 30.0
    },
    "60": {
        "projection_matrix": [
            -0.999314427065189,
            0.02519248602646905,
            0.027129587302031695,
            0.0,
            3.001071613439876e-16,
            0.7327837083643158,
            -0.6804616350359816,
            0.0,
            -0.03702263982176849,
            -0.6799951289558239,
            -0.7322813316867907,
            0.0,
            1.3322676295501878e-15,
            -13.46754661804199,
            -13.467546618041986,
            1.0
        ],
        "focal_length": 30.0
    },
    "61": {
        "projection_matrix": [
            -0.9929793668025693,
            0.02513901735111627,
            0.1155854961099739,
            0.0,
            -0.060143223985607924,
            0.7341221588759663,
            -0.6763486145885917,
            0.0,
            -0.1018566134965497,
            -0.6785519034340046,
            -0.7274562149250658,
            0.0,
            -1.1951040566457367,
            -13.439701423305605,
            -13.439701423305605,
            1.0
        ],
        "focal_length": 30.0
    },
    "62": {
        "projection_matrix": [
            -0.9789496476255617,
            0.024978830999238283,
            0.20256763170778358,
            0.0,
            -0.1186020152560705,
            0.7381005698688132,
            -0.6641845456923339,
            0.0,
            -0.16610583791964562,
            -0.6742281563100465,
            -0.7196007530900506,
            0.0,
            -2.385148090081076,
            -13.357095975132118,
            -13.357095975132115,
            1.0
        ],
        "focal_length": 30.0
    },
    "63": {
        "projection_matrix": [
            -0.9576692352592548,
            0.024712606433183133,
            0.2868081639724225,
            0.0,
            -0.17379698349533038,
            0.7446099338954522,
            -0.6444770398331768,
            0.0,
            -0.2294869154568017,
            -0.667042227619428,
            -0.7087950495077076,
            0.0,
            -3.5653683051383815,
            -13.221161639277584,
            -13.221161639277582,
            1.0
        ],
        "focal_length": 30.0
    },
    "64": {
        "projection_matrix": [
            -0.929818267335951,
            0.024341512128677932,
            0.36721312682917445,
            0.0,
            -0.22434783370409164,
            0.7534751336600428,
            -0.6180155924151606,
            0.0,
            -0.2917293938578202,
            -0.657025656837897,
            -0.6951339777453542,
            0.0,
            -4.731271413261442,
            -13.033330685957756,
            -13.03333068595775,
            1.0
        ],
        "focal_length": 30.0
    },
    "65": {
        "projection_matrix": [
            -0.8962436848901192,
            0.023867220876654348,
            0.4429194205069421,
            0.0,
            -0.26913990859988096,
            0.7644647240015723,
            -0.5857963770424393,
            0.0,
            -0.35257760407239164,
            -0.6442235959081482,
            -0.6787230595624012,
            0.0,
            -5.878567381111095,
            -12.794993845280134,
            -12.79499384528013,
            1.0
        ],
        "focal_length": 30.0
    },
    "66": {
        "projection_matrix": [
            -0.8578957418127626,
            0.02329213641791469,
            0.5132955995921054,
            0.0,
            -0.30734401152861063,
            0.7772982833670681,
            -0.5489508513993856,
            0.0,
            -0.41177002654033834,
            -0.6287009265586446,
            -0.6596821887752242,
            0.0,
            -7.00269056531872,
            -12.50759020421099,
            -12.507590204210986,
            1.0
        ],
        "focal_length": 30.0
    },
    "67": {
        "projection_matrix": [
            -0.8156801168845906,
            0.02261823561846876,
            0.5780608638687175,
            0.0,
            -0.3384796961164033,
            0.7916847378447525,
            -0.5085929326884449,
            0.0,
            -0.4691454382556519,
            -0.6105110083210565,
            -0.6381056859821255,
            0.0,
            -8.10075288256181,
            -12.172031920371413,
            -12.172031920371413,
            1.0
        ],
        "focal_length": 30.0
    },
    "68": {
        "projection_matrix": [
            -0.7705447544820132,
            0.021849315066257757,
            0.6370112940689429,
            0.0,
            -0.3622630173017913,
            0.8072856322694034,
            -0.46589206285017526,
            0.0,
            -0.5244294877632797,
            -0.5897563186287409,
            -0.6141345105120042,
            0.0,
            -9.167416456199419,
            -11.789849804699548,
            -11.789849804699545,
            1.0
        ],
        "focal_length": 30.0
    },
    "69": {
        "projection_matrix": [
            -0.7232897696266065,
            0.020988667420404856,
            0.6902256044174294,
            0.0,
            -0.37869172691065495,
            0.8237767111466745,
            -0.42188209981201436,
            0.0,
            -0.5774465214397919,
            -0.5665257328774079,
            -0.587881032918055,
            0.0,
            -10.19888204366197,
            -11.36208020021073,
            -11.362080200210727,
            1.0
        ],
        "focal_length": 30.0
    },
    "70": {
        "projection_matrix": [
            0.3089786271131528,
            0.0,
            -0.9510689817186088,
            0.0,
            0.0,
            1.0,
            0.0,
            0.0,
            0.9510689817186088,
            0.0,
            0.3089786271131528,
            0.0,
            18.094853826475443,
            -3.5995843634248716e-16,
            5.878567381111095,
            1.0
        ],
        "focal_length": 30.0
    },
    "71": {
        "projection_matrix": [
            0.2486287798435961,
            0.0,
            -0.9685988487673752,
            0.0,
            0.0,
            1.0,
            0.0,
            0.0,
            0.9685988487673752,
            0.0,
            0.2486287798435961,
            0.0,
            18.43191301897489,
            -2.897068196074e-16,
            4.731271413261442,
            1.0
        ],
        "focal_length": 30.0
    },
    "72": {
        "projection_matrix": [
            0.1873113915088228,
            0.0,
            -0.9823005866897507,
            0.0,
            0.0,
            1.0,
            0.0,
            0.0,
            0.9823005866897507,
            0.0,
            0.1873113915088228,
            0.0,
            18.697546100593257,
            -2.1831584413345782e-16,
            3.5653683051383913,
            1.0
        ],
        "focal_length": 30.0
    },
    "73": {
        "projection_matrix": [
            0.12527187618315927,
            0.0,
            -0.9921224506267112,
            0.0,
            0.0,
            1.0,
            0.0,
            0.0,
            0.9921224506267112,
            0.0,
            0.12527187618315927,
            0.0,
            18.88978628195092,
            -1.4604819870051254e-16,
            2.3851480900811066,
            1.0
        ],
        "focal_length": 30.0
    },
    "74": {
        "projection_matrix": [
            0.06275441174097984,
            0.0,
            -0.9980289994820009,
            0.0,
            0.0,
            1.0,
            0.0,
            0.0,
            0.9980289994820009,
            0.0,
            0.06275441174097984,
            0.0,
            19.00660802708378,
            -7.317901788096087e-17,
            1.1951040566457352,
            1.0
        ],
        "focal_length": 30.0
    },
    "75": {
        "projection_matrix": [
            4.440892098500626e-16,
            0.0,
            -1.0,
            0.0,
            0.0,
            1.0,
            0.0,
            0.0,
            1.0,
            0.0,
            4.440892098500626e-16,
            0.0,
            19.045987079126892,
            -6.162975822039155e-31,
            9.769962616701378e-15,
            1.0
        ],
        "focal_length": 30.0
    },
    "76": {
