{
    "camera_angle_x": 1.0808390378952026,
    "frames": [
        {
            "file_path": "train\\0001.png",
            "transform_matrix": [
                [
                    -0.2727447748184204,
                    0.910855233669281,
                    -0.30976298451423645,
                    -0.7744074463844299
                ],
                [
                    -0.9620864987373352,
                    -0.2582210898399353,
                    0.08781563490629196,
                    0.2195390909910202
                ],
                [
                    0.0,
                    0.32197004556655884,
                    0.9467498660087585,
                    2.3668746948242188
                ],
                [
                    0.0,
                    0.0,
                    0.0,
                    1.0
                ]
            ]
        },
        {
            "file_path": "train\\0002.png",
            "transform_matrix": [
                [
                    0.9971421957015991,
                    -0.07264990359544754,
                    -0.02072574570775032,
                    -0.05181436240673065
                ],
                [
                    -0.07554842531681061,
                    -0.9588854312896729,
                    -0.2735532224178314,
                    -0.6838830709457397
                ],
                [
                    0.0,
                    0.27433711290359497,
                    -0.9616336226463318,
                    -2.4040839672088623
                ],
                [
                    0.0,
                    0.0,
                    0.0,
                    1.0
                ]
            ]
        },
        {
            "file_path": "train\\0003.png",
            "transform_matrix": [
                [
                    -0.9961601495742798,
                    -0.06979195028543472,
                    0.052859436720609665,
                    0.1321485936641693
                ],
                [
                    0.08755020052194595,
                    -0.7941039800643921,
                    0.6014431118965149,
                    1.5036077499389648
                ],
                [
                    0.0,
                    0.6037613749504089,
                    0.797165036201477,
                    1.9929125308990479
                ],
                [
                    0.0,
                    0.0,
                    0.0,
                    1.0
                ]
            ]
        },
        {
            "file_path": "train\\0004.png",
            "transform_matrix": [
                [
                    -0.6977230906486511,
                    0.036950934678316116,
                    0.7154139876365662,
                    1.7885349988937378
                ],
                [
                    0.7163676023483276,
                    0.03598923236131668,
                    0.6967942714691162,
                    1.7419856786727905
                ],
                [
                    0.0,
                    0.9986687898635864,
                    -0.05158097296953201,
                    -0.12895242869853973
                ],
                [
                    0.0,
                    0.0,
                    0.0,
                    1.0
                ]
            ]
        },
        {
            "file_path": "train\\0005.png",
            "transform_matrix": [
                [
                    -0.963151216506958,
                    0.11749710887670517,
                    -0.24193859100341797,
                    -0.6048464179039001
                ],
                [
                    -0.2689606845378876,
                    -0.420758455991745,
                    0.866384744644165,
                    2.165961742401123
                ],
                [
                    -7.450580596923828e-09,
                    0.8995314240455627,
                    0.43685606122016907,
                    1.0921400785446167
                ],
                [
                    0.0,
                    0.0,
                    0.0,
                    1.0
                ]
            ]
        },
        {
            "file_path": "train\\0006.png",
            "transform_matrix": [
                [
                    -0.8943120837211609,
                    0.2610657215118408,
                    -0.36338767409324646,
                    -0.9084692001342773
                ],
                [
                    -0.44744372367858887,
                    -0.5217956900596619,
                    0.7263080477714539,
                    1.815770149230957
                ],
                [
                    1.4901161193847656e-08,
                    0.8121415972709656,
                    0.5834603905677795,
                    1.4586509466171265
                ],
                [
                    0.0,
                    0.0,
                    0.0,
                    1.0
                ]
            ]
        },
        {
            "file_path": "train\\0007.png",
            "transform_matrix": [
                [
                    0.9893082976341248,
                    0.14176587760448456,
                    -0.0342281311750412,
                    -0.085570327937603
                ],
                [
                    -0.1458394080400467,
                    0.9616753458976746,
                    -0.23218809068202972,
                    -0.5804702043533325
                ],
                [
                    0.0,
                    0.23469732701778412,
                    0.9720684885978699,
                    2.430171251296997
                ],
                [
                    0.0,
                    0.0,
                    0.0,
                    1.0
                ]
            ]
        },
        {
            "file_path": "train\\0008.png",
            "transform_matrix": [
                [
                    -0.23034441471099854,
                    -0.6807553172111511,
                    -0.6953514814376831,
                    -1.7383787631988525
                ],
                [
                    -0.9731091260910034,
                    0.16114142537117004,
                    0.16459648311138153,
                    0.4114912152290344
                ],
                [
                    0.0,
                    0.7145668268203735,
                    -0.6995672583580017,
                    -1.7489181756973267
                ],
                [
                    0.0,
                    0.0,
                    0.0,
                    1.0
                ]
            ]
        },
        {
            "file_path": "train\\0009.png",
            "transform_matrix": [
                [
                    0.433736652135849,
                    -0.8125873804092407,
                    -0.3893255889415741,
                    -0.9733139276504517
                ],
                [
                    -0.9010397791862488,
                    -0.39115801453590393,
                    -0.18741102516651154,
                    -0.46852755546569824
                ],
                [
                    1.4901161193847656e-08,
                    0.43208470940589905,
                    -0.9018329977989197,
                    -2.254582405090332
                ],
                [
                    0.0,
                    0.0,
                    0.0,
                    1.0
                ]
            ]
        },
        {
            "file_path": "train\\0010.png",
            "transform_matrix": [
                [
                    0.29476362466812134,
                    0.8889688849449158,
                    0.35049787163734436,
                    0.8762446641921997
                ],
                [
                    0.9555702805519104,
                    -0.2742191553115845,
                    -0.10811765491962433,
                    -0.2702941298484802
                ],
                [
                    -7.450580596923828e-09,
                    0.3667944669723511,
                    -0.930302083492279,
                    -2.3257551193237305
                ],
                [
                    0.0,
                    0.0,
                    0.0,
                    1.0
                ]
            ]
        },
        {
            "file_path": "train\\0011.png",
            "transform_matrix": [
                [
                    0.15909820795059204,
                    0.5421723127365112,
                    0.8250678181648254,
                    2.062669515609741
                ],
                [
                    0.9872628450393677,
                    -0.08737151324748993,
                    -0.13296034932136536,
                    -0.3324008584022522
                ],
                [
                    0.0,
                    0.8357124924659729,
                    -0.5491672158241272,
                    -1.3729180097579956
                ],
                [
                    0.0,
                    0.0,
                    0.0,
                    1.0
                ]
            ]
        },
        {
            "file_path": "train\\0012.png",
            "transform_matrix": [
                [
                    0.9983985424041748,
                    0.022383179515600204,
                    0.051955390721559525,
                    0.12988847494125366
                ],
                [
                    0.056571800261735916,
                    -0.39502599835395813,
                    -0.9169265031814575,
                    -2.292316198348999
                ],
                [
                    0.0,
                    0.9183972477912903,
                    -0.3956596851348877,
                    -0.9891492128372192
                ],
                [
                    0.0,
                    0.0,
                    0.0,
                    1.0
                ]
            ]
        },
        {
            "file_path": "train\\0013.png",
            "transform_matrix": [
                [
                    0.6219446063041687,
                    -0.22984939813613892,
                    -0.7485681176185608,
                    -1.8714202642440796
                ],
                [
                    -0.7830613851547241,
                    -0.18255731463432312,
                    -0.5945484042167664,
                    -1.4863710403442383
                ],
                [
                    1.4901162970204496e-08,
                    0.955950915813446,
                    -0.29352667927742004,
                    -0.7338166832923889
                ],
                [
                    0.0,
                    0.0,
                    0.0,
                    1.0
                ]
            ]
        },
        {
            "file_path": "train\\0014.png",
            "transform_matrix": [
                [
                    0.21665818989276886,
                    -0.9736312031745911,
                    0.07142537087202072,
                    0.1785634160041809
                ],
                [
                    0.9762475490570068,
                    0.2160775512456894,
                    -0.015851400792598724,
                    -0.03962850198149681
                ],
                [
                    -9.313225746154785e-10,
                    0.07316242158412933,
                    0.9973199963569641,
                    2.493299961090088
                ],
                [
                    0.0,
                    0.0,
                    0.0,
                    1.0
                ]
            ]
        },
        {
            "file_path": "train\\0015.png",
            "transform_matrix": [
                [
                    -0.7643793225288391,
                    -0.6399238705635071,
                    -0.07887843996286392,
                    -0.1971960961818695
                ],
                [
                    -0.6447668671607971,
                    0.7586378455162048,
                    0.09351139515638351,
                    0.2337784767150879
                ],
                [
                    -3.725290298461914e-09,
                    0.12233638763427734,
                    -0.99248868227005,
                    -2.4812216758728027
                ],
                [
                    0.0,
                    0.0,
                    0.0,
                    1.0
                ]
            ]
        },
        {
            "file_path": "train\\0016.png",
            "transform_matrix": [
                [
                    -0.13769015669822693,
                    -0.345392644405365,
                    0.9283024072647095,
                    2.320755958557129
                ],
                [
                    0.9904753565788269,
                    -0.04801448807120323,
                    0.129047229886055,
                    0.3226180672645569
                ],
                [
                    3.725290298461914e-09,
                    0.9372291564941406,
                    0.34871402382850647,
                    0.871785044670105
                ],
                [
                    0.0,
                    0.0,
                    0.0,
                    1.0
                ]
            ]
        },
        {
            "file_path": "train\\0017.png",
            "transform_matrix": [
                [
                    0.9081823825836182,
                    -0.22109799087047577,
                    -0.35541611909866333,
                    -0.8885403871536255
                ],
                [
                    -0.4185749292373657,
                    -0.4797164797782898,
                    -0.7711466550827026,
                    -1.9278666973114014
                ],
                [
                    1.4901162970204496e-08,
                    0.849109947681427,
                    -0.5282160639762878,
                    -1.3205403089523315
                ],
                [
                    0.0,
                    0.0,
                    0.0,
                    1.0
                ]
            ]
        },
        {
            "file_path": "train\\0018.png",
            "transform_matrix": [
                [
                    -0.8969907760620117,
                    -0.09618975222110748,
                    0.43145689368247986,
                    1.0786422491073608
                ],
                [
                    0.44204917550086975,
                    -0.19518490135669708,
                    0.8754972815513611,
                    2.1887431144714355
                ],
                [
                    0.0,
                    0.9760380983352661,
                    0.21759966015815735,
                    0.5439991354942322
                ],
                [
                    0.0,
                    0.0,
                    0.0,
                    1.0
                ]
            ]
        },
        {
            "file_path": "train\\0019.png",
            "transform_matrix": [
                [
                    -0.5587546825408936,
                    -0.32335996627807617,
                    -0.763696014881134,
                    -1.9092400074005127
                ],
                [
                    -0.8293330669403076,
                    0.21786047518253326,
                    0.5145323872566223,
                    1.2863309383392334
                ],
                [
                    1.4901161193847656e-08,
                    0.920855700969696,
                    -0.38990363478660583,
                    -0.9747591018676758
                ],
                [
                    0.0,
                    0.0,
                    0.0,
                    1.0
                ]
            ]
        },
        {
            "file_path": "train\\0020.png",
            "transform_matrix": [
                [
                    0.8605804443359375,
                    -0.18818451464176178,
                    -0.4732736647129059,
                    -1.1831841468811035
                ],
                [
                    -0.5093146562576294,
                    -0.31797224283218384,
                    -0.7996826171875,
                    -1.99920654296875
                ],
                [
                    0.0,
                    0.9292364120483398,
                    -0.3694857656955719,
                    -0.9237143993377686
                ],
                [
                    0.0,
                    0.0,
                    0.0,
                    1.0
                ]
            ]
        },
        {
            "file_path": "train\\0021.png",
            "transform_matrix": [
                [
                    0.25957125425338745,
                    -0.6138507127761841,
                    0.7455267310142517,
                    1.8638168573379517
                ],
                [
                    0.965723991394043,
                    0.1649933159351349,
                    -0.20038573443889618,
                    -0.500964343547821
                ],
                [
                    0.0,
                    0.7719874382019043,
                    0.6356378197669983,
                    1.5890945196151733
                ],
                [
                    0.0,
                    0.0,
                    0.0,
                    1.0
                ]
            ]
        },
        {
            "file_path": "train\\0022.png",
            "transform_matrix": [
                [
                    -0.45474475622177124,
                    0.8445882797241211,
                    -0.282626748085022,
                    -0.7065668702125549
                ],
                [
                    -0.8906219005584717,
                    -0.43124035000801086,
                    0.14430706202983856,
                    0.360767662525177
                ],
                [
                    0.0,
                    0.31733638048171997,
                    0.9483129382133484,
                    2.3707823753356934
                ],
                [
                    0.0,
                    0.0,
                    0.0,
                    1.0
                ]
            ]
        },
        {
            "file_path": "train\\0023.png",
            "transform_matrix": [
                [
                    -0.9721392393112183,
                    -0.12535110116004944,
                    0.1980721801519394,
                    0.4951804578304291
                ],
                [
                    0.2344045639038086,
                    -0.5198649764060974,
                    0.8214589953422546,
                    2.053647518157959
                ],
                [
                    0.0,
                    0.8450014591217041,
                    0.5347639322280884,
                    1.3369097709655762
                ],
                [
                    0.0,
                    0.0,
                    0.0,
                    1.0
                ]
            ]
        },
        {
            "file_path": "train\\0024.png",
            "transform_matrix": [
                [
                    0.6983349919319153,
                    -0.64136803150177,
                    0.31776610016822815,
                    0.7944152355194092
                ],
                [
                    0.7157710790634155,
                    0.6257444024085999,
                    -0.3100253641605377,
                    -0.7750633955001831
                ],
                [
                    0.0,
                    0.443949431180954,
                    0.8960518836975098,
                    2.2401297092437744
                ],
                [
                    0.0,
                    0.0,
                    0.0,
                    1.0
                ]
            ]
        },
        {
            "file_path": "train\\0025.png",
            "transform_matrix": [
                [
                    0.9998551607131958,
                    0.004978343844413757,
                    -0.016274234279990196,
                    -0.040685586631298065
                ],
                [
                    -0.017018653452396393,
                    0.2924804091453552,
                    -0.9561201333999634,
                    -2.3903002738952637
                ],
                [
                    0.0,
                    0.9562585949897766,
                    0.2925227880477905,
                    0.7313069701194763
                ],
                [
                    0.0,
                    0.0,
                    0.0,
                    1.0
                ]
            ]
        },
        {
            "file_path": "train\\0026.png",
            "transform_matrix": [
                [
                    -0.80343097448349,
                    0.1791086345911026,
                    0.5678192973136902,
                    1.4195482730865479
                ],
                [
                    0.5953978896141052,
                    0.2416895180940628,
                    0.7662163972854614,
                    1.9155409336090088
                ],
                [
                    0.0,
                    0.9536803364753723,
                    -0.3008217513561249,
                    -0.7520543932914734
                ],
                [
                    0.0,
                    0.0,
                    0.0,
                    1.0
                ]
            ]
        },
        {
            "file_path": "train\\0027.png",
            "transform_matrix": [
                [
                    -0.6516296863555908,
                    -0.5162864327430725,
                    0.555722177028656,
                    1.389305591583252
                ],
                [
                    0.7585372924804688,
                    -0.4435214400291443,
                    0.47739914059638977,
                    1.193497896194458
                ],
                [
                    0.0,
                    0.7326234579086304,
                    0.6806342005729675,
                    1.7015855312347412
                ],
                [
                    0.0,
                    0.0,
                    0.0,
                    1.0
                ]
            ]
        },
        {
            "file_path": "train\\0028.png",
            "transform_matrix": [
                [
                    0.29775577783584595,
                    -0.5407078266143799,
                    -0.7867507338523865,
                    -1.966876745223999
                ],
                [
                    -0.9546421766281128,
                    -0.1686483919620514,
                    -0.245389923453331,
                    -0.6134747862815857
                ],
                [
                    0.0,
                    0.8241316080093384,
                    -0.5663984417915344,
                    -1.4159960746765137
                ],
                [
                    0.0,
                    0.0,
                    0.0,
                    1.0
                ]
            ]
        },
        {
            "file_path": "train\\0029.png",
            "transform_matrix": [
                [
                    0.24309638142585754,
                    -0.23648309707641602,
                    -0.9407337307929993,
                    -2.351834297180176
                ],
                [
                    -0.9700021743774414,
                    -0.05926603451371193,
                    -0.23576128482818604,
                    -0.5894032120704651
                ],
                [
                    0.0,
                    0.969826340675354,
                    -0.2437964677810669,
                    -0.6094911694526672
                ],
                [
                    0.0,
                    0.0,
                    0.0,
                    1.0
                ]
            ]
        },
        {
            "file_path": "train\\0030.png",
            "transform_matrix": [
                [
                    -0.07707001268863678,
                    -0.7585555911064148,
                    0.6470344662666321,
                    1.6175861358642578
                ],
                [
                    0.9970257878303528,
                    -0.05863628908991814,
                    0.05001571401953697,
                    0.12503927946090698
                ],
                [
                    0.0,
                    0.6489646434783936,
                    0.7608185410499573,
                    1.9020463228225708
                ],
                [
                    0.0,
                    0.0,
                    0.0,
                    1.0
                ]
            ]
        },
        {
            "file_path": "train\\0031.png",
            "transform_matrix": [
                [
                    -0.4674954414367676,
                    -0.2003280371427536,
                    0.8609974980354309,
                    2.152493715286255
                ],
                [
                    0.8839954733848572,
                    -0.10594221949577332,
                    0.45533308386802673,
                    1.138332724571228
                ],
                [
                    0.0,
                    0.9739840626716614,
                    0.22661657631397247,
                    0.5665414333343506
                ],
                [
                    0.0,
                    0.0,
                    0.0,
                    1.0
                ]
            ]
        },
        {
            "file_path": "train\\0032.png",
            "transform_matrix": [
                [
                    -0.4276455342769623,
                    0.6094881892204285,
                    0.6675654053688049,
                    1.66891348361969
                ],
                [
                    0.9039465188980103,
                    0.28834104537963867,
                    0.31581664085388184,
                    0.7895416021347046
                ],
                [
                    0.0,
                    0.7385008931159973,
                    -0.674252450466156,
                    -1.6856310367584229
                ],
                [
                    0.0,
                    0.0,
                    0.0,
                    1.0
                ]
            ]
        },
        {
            "file_path": "train\\0033.png",
            "transform_matrix": [
                [
                    -0.18080651760101318,
                    0.8441972136497498,
                    0.504618763923645,
                    1.2615468502044678
                ],
                [
                    0.9835187792778015,
                    0.15519413352012634,
                    0.09276726841926575,
                    0.23191817104816437
                ],
                [
                    0.0,
                    0.5130749940872192,
                    -0.8583438992500305,
                    -2.145859718322754
                ],
                [
                    0.0,
                    0.0,
                    0.0,
                    1.0
                ]
            ]
        },
        {
            "file_path": "train\\0034.png",
            "transform_matrix": [
                [
                    -0.3012060821056366,
                    -0.0032410372514277697,
                    0.9535536170005798,
                    2.3838839530944824
                ],
                [
                    0.9535590410232544,
                    -0.0010237647220492363,
                    0.3012043535709381,
                    0.7530108690261841
                ],
                [
                    0.0,
                    0.9999942779541016,
                    0.0033988847862929106,
                    0.008497212082147598
                ],
                [
                    0.0,
                    0.0,
                    0.0,
                    1.0
                ]
            ]
        },
        {
            "file_path": "train\\0035.png",
            "transform_matrix": [
                [
                    0.8802108764648438,
                    -0.4719456434249878,
                    0.04996153339743614,
                    0.12490382790565491
                ],
                [
                    0.4745827913284302,
                    0.8753197193145752,
                    -0.09266388416290283,
                    -0.23165971040725708
                ],
                [
                    0.0,
                    0.10527481138706207,
                    0.9944431185722351,
                    2.48610782623291
                ],
                [
                    0.0,
                    0.0,
                    0.0,
                    1.0
                ]
            ]
        },
        {
            "file_path": "train\\0036.png",
            "transform_matrix": [
                [
                    0.9101178646087646,
                    0.3475935161113739,
                    -0.22553102672100067,
                    -0.5638275742530823
                ],
                [
                    -0.4143494963645935,
                    0.7634885311126709,
                    -0.4953784644603729,
                    -1.2384461164474487
                ],
                [
                    1.4901161193847656e-08,
                    0.5443013906478882,
                    0.8388897180557251,
                    2.097224235534668
                ],
                [
                    0.0,
                    0.0,
                    0.0,
                    1.0
                ]
            ]
        },
        {
            "file_path": "train\\0037.png",
            "transform_matrix": [
                [
                    0.7684010863304138,
                    -0.5773738026618958,
                    -0.2760421931743622,
                    -0.6901054382324219
                ],
                [
                    -0.6399685740470886,
                    -0.6932445168495178,
                    -0.33143994212150574,
                    -0.8285998106002808
                ],
                [
                    0.0,
                    0.43133702874183655,
                    -0.9021908640861511,
                    -2.2554771900177
                ],
                [
                    0.0,
                    0.0,
                    0.0,
                    1.0
                ]
            ]
        },
        {
            "file_path": "train\\0038.png",
            "transform_matrix": [
                [
                    -0.9683502912521362,
                    0.18763607740402222,
                    0.16459158062934875,
                    0.4114789366722107
                ],
                [
                    0.2495950311422348,
                    0.7279689908027649,
                    0.6385635733604431,
                    1.5964088439941406
                ],
                [
                    -7.4505797087454084e-09,
                    0.6594345569610596,
                    -0.7517620921134949,
                    -1.8794052600860596
                ],
                [
                    0.0,
                    0.0,
                    0.0,
                    1.0
                ]
            ]
        },
        {
            "file_path": "train\\0039.png",
            "transform_matrix": [
                [
                    0.2571595013141632,
                    -0.6955277323722839,
                    0.6709025502204895,
                    1.6772563457489014
                ],
                [
                    0.9663690328598022,
                    0.185086190700531,
                    -0.17853322625160217,
                    -0.44633305072784424
                ],
                [
                    1.4901161193847656e-08,
                    0.6942508816719055,
                    0.7197330594062805,
                    1.799332618713379
                ],
                [
                    0.0,
                    0.0,
                    0.0,
                    1.0
                ]
            ]
        },
        {
            "file_path": "train\\0040.png",
            "transform_matrix": [
                [
                    -0.6798580884933472,
                    0.08862373232841492,
                    -0.7279689908027649,
                    -1.8199224472045898
                ],
                [
                    -0.7333437204360962,
                    -0.08216005563735962,
                    0.6748753190040588,
                    1.6871882677078247
                ],
                [
                    -3.725290298461914e-09,
                    0.9926709532737732,
                    0.12084882706403732,
                    0.3021220564842224
                ],
                [
                    0.0,
                    0.0,
                    0.0,
                    1.0
                ]
            ]
        },
        {
            "file_path": "train\\0041.png",
            "transform_matrix": [
                [
                    0.768212616443634,
                    0.6323062181472778,
                    -0.10019127279520035,
                    -0.25047817826271057
                ],
                [
                    -0.6401948928833008,
                    0.7587464451789856,
                    -0.12022619694471359,
                    -0.3005654811859131
                ],
                [
                    0.0,
                    0.1565011590719223,
                    0.9876777529716492,
                    2.4691944122314453
                ],
                [
                    0.0,
                    0.0,
                    0.0,
                    1.0
                ]
            ]
        },
        {
            "file_path": "train\\0042.png",
            "transform_matrix": [
                [
                    0.2398664951324463,
                    -0.32181254029273987,
                    -0.9159152507781982,
                    -2.289788246154785
                ],
                [
                    -0.9708058834075928,
                    -0.07951336354017258,
                    -0.22630412876605988,
                    -0.5657603740692139
                ],
                [
                    0.0,
                    0.9434587359428406,
                    -0.33149006962776184,
                    -0.8287252187728882
                ],
                [
                    0.0,
                    0.0,
                    0.0,
                    1.0
                ]
            ]
        },
        {
            "file_path": "train\\0043.png",
            "transform_matrix": [
                [
                    0.5435712933540344,
                    0.8103440999984741,
                    0.2187982052564621,
                    0.5469955205917358
                ],
                [
                    0.8393630981445312,
                    -0.5247786045074463,
                    -0.14169365167617798,
                    -0.35423412919044495
                ],
                [
                    0.0,
                    0.26067155599594116,
                    -0.9654275178909302,
                    -2.4135687351226807
                ],
                [
                    0.0,
                    0.0,
                    0.0,
                    1.0
                ]
            ]
        },
        {
            "file_path": "train\\0044.png",
            "transform_matrix": [
                [
                    -0.990568995475769,
                    -0.13662748038768768,
                    -0.010296680964529514,
                    -0.0257417019456625
                ],
                [
                    -0.1370149403810501,
                    0.9877678751945496,
                    0.0744413286447525,
                    0.18610331416130066
                ],
                [
                    0.0,
                    0.07515016943216324,
                    -0.9971722960472107,
                    -2.4929306507110596
                ],
                [
                    0.0,
                    0.0,
                    0.0,
                    1.0
                ]
            ]
        },
        {
            "file_path": "train\\0045.png",
            "transform_matrix": [
                [
                    0.645770788192749,
                    0.617694079875946,
                    0.4488142132759094,
                    1.1220355033874512
                ],
                [
                    0.7635313868522644,
                    -0.522426187992096,
                    -0.3795929551124573,
                    -0.9489823579788208
                ],
                [
                    -1.4901161193847656e-08,
                    0.5878137350082397,
                    -0.808996319770813,
                    -2.0224907398223877
                ],
                [
                    0.0,
                    0.0,
                    0.0,
                    1.0
                ]
            ]
        },
        {
            "file_path": "train\\0046.png",
            "transform_matrix": [
                [
                    -0.8021441698074341,
                    -0.5405969619750977,
                    -0.25361332297325134,
                    -0.6340333223342896
                ],
                [
                    -0.5971304774284363,
                    0.7262009978294373,
                    0.3406867980957031,
                    0.8517169952392578
                ],
                [
                    0.0,
                    0.4247201681137085,
                    -0.9053247570991516,
                    -2.2633118629455566
                ],
                [
                    0.0,
                    0.0,
                    0.0,
                    1.0
                ]
            ]
        },
        {
            "file_path": "train\\0047.png",
            "transform_matrix": [
                [
                    0.2979883551597595,
                    0.6451320648193359,
                    -0.7035677433013916,
                    -1.758919358253479
                ],
                [
                    -0.9545695185661316,
                    0.20139113068580627,
                    -0.21963302791118622,
                    -0.5490825772285461
                ],
                [
                    0.0,
                    0.7370524406433105,
                    0.6758356094360352,
                    1.689589023590088
                ],
                [
                    0.0,
                    0.0,
                    0.0,
                    1.0
                ]
            ]
        },
        {
            "file_path": "train\\0048.png",
            "transform_matrix": [
                [
                    -0.40798360109329224,
                    0.7806692123413086,
                    0.4733971655368805,
                    1.18349289894104
                ],
                [
                    0.9129892587661743,
                    0.34885430335998535,
                    0.2115449756383896,
                    0.5288624167442322
                ],
                [
                    1.4901161193847656e-08,
                    0.5185134410858154,
                    -0.8550695776939392,
                    -2.137673854827881
                ],
                [
                    0.0,
